image_width: 320
image_height: 240
camera_name: camera
camera_matrix:
  rows: 3
  cols: 3
  data: [281.193864, 0.000000, 166.562828, 0.000000, 280.371519, 108.421998, 0.000000, 0.000000, 1.000000]
distortion_model: plumb_bob
distortion_coefficients:
  rows: 1
  cols: 5
  data: [0.231188, -0.315952, -0.015668, 0.011321, 0.000000]
rectification_matrix:
  rows: 3
  cols: 3
  data: [1.000000, 0.000000, 0.000000, 0.000000, 1.000000, 0.000000, 0.000000, 0.000000, 1.000000]
projection_matrix:
  rows: 3
  cols: 4
  data: [295.251587, 0.000000, 169.918928, 0.000000, 0.000000, 294.263824, 105.189982, 0.000000, 0.000000, 0.000000, 1.000000, 0.000000]
