image_width: 320
image_height: 240
camera_name: camera
camera_matrix:
  rows: 3
  cols: 3
  data: [90.621386, 0.000000, 159.559751, 0.000000, 90.152335, 113.993258, 0.000000, 0.000000, 1.000000]
distortion_model: plumb_bob
distortion_coefficients:
  rows: 1
  cols: 5
  data: [-0.122429, 0.009189, -0.003414, 0.001807, 0.000000]
rectification_matrix:
  rows: 3
  cols: 3
  data: [1.000000, 0.000000, 0.000000, 0.000000, 1.000000, 0.000000, 0.000000, 0.000000, 1.000000]
projection_matrix:
  rows: 3
  cols: 4
  data: [64.198082, 0.000000, 158.237996, 0.000000, 0.000000, 65.591187, 111.714337, 0.000000, 0.000000, 0.000000, 1.000000, 0.000000]
